---- Session: 4  Date: 2018/12/24 20:12:29 -----------------------
Time:        1.941694
Total Time:  17.47502
Mistakes:    3
Correct:     0
Accuracy:    0%
