Session: 1  Date: 2018/12/23 20:11:22 -----------------------
Time: 1.088091
Session: 2  Date: 2018/12/23 20:11:30 -----------------------
Time: 3.357691
